0.0  0.0795774683356 15.8332614899 7.92365217209 9324.98144531
1.0  0.0795774683356 3.9436852932 1.9788646698 32.0493125916
2.0  0.0795774683356 1.21240746975 0.613227367401 14.9173688889
3.0  0.0795774683356 0.562860131264 0.288456261158 8.72456932068
4.0  0.0795774683356 0.321662157774 0.167860910296 5.70006799698
5.0  0.0795774683356 0.207426160574 0.110747590661 3.99080014229
6.0  0.0795774683356 0.144664600492 0.0793725252151 2.93322205544
7.0  0.0795774683356 0.106577694416 0.0603358335793 2.23612737656
8.0  0.0795774683356 0.0817582756281 0.0479339398444 1.75436258316
9.0  0.0795774683356 0.0646968632936 0.0394121035933 1.4088332653
10.0  0.0795774683356 0.0524704344571 0.0333088189363 1.15346717834
11.0  0.0795774683356 0.0434120334685 0.0287906136364 0.959985077381
12.0  0.0795774683356 0.0365153849125 0.0253543592989 0.810279607773
13.0  0.0795774683356 0.031144015491 0.022681824863 0.692341089249
14.0  0.0795774683356 0.0268794521689 0.0205637812614 0.597963988781
15.0  0.0795774683356 0.0234373435378 0.0188580602407 0.521397233009
16.0  0.0795774683356 0.0206191446632 0.0174654014409 0.458519846201
17.0  0.0795774683356 0.0182827543467 0.0163147598505 0.406320363283
18.0  0.0795774683356 0.016324300319 0.0153542133048 0.362560063601
19.0  0.0795774683356 0.0146664883941 0.0145451249555 0.325549036264
20.0  0.0795774683356 0.0132508315146 0.0138582624495 0.293993502855
21.0  0.0795774683356 0.0120323607698 0.0132711548358 0.26689055562
22.0  0.0795774683356 0.010976110585 0.0127663332969 0.243454098701
23.0  0.0795774683356 0.0100545082241 0.0123300235718 0.223061233759
24.0  0.0795774683356 0.00924561079592 0.0119512714446 0.205213785172
25.0  0.0795774683356 0.00853177718818 0.0116212712601 0.189509913325
26.0  0.0795774683356 0.00789867993444 0.0113328751177 0.17562264204
27.0  0.0795774683356 0.00733458483592 0.0110802352428 0.16328407824
28.0  0.0795774683356 0.00682982243598 0.010858533904 0.152273148298
29.0  0.0795774683356 0.00637636054307 0.0106637738645 0.142406195402
30.0  0.0795774683356 0.00596748106182 0.0104926172644 0.133529767394
31.0  0.0795774683356 0.00559752481058 0.010342256166 0.125514909625
32.0  0.0795774683356 0.00526170805097 0.0102103203535 0.118252649903
33.0  0.0795774683356 0.00495595810935 0.0100947953761 0.111650466919
34.0  0.0795774683356 0.00467679370195 0.00999396666884 0.105629481375
35.0  0.0795774683356 0.00442122295499 0.00990636274219 0.100122019649
36.0  0.0795774683356 0.00418665865436 0.00983071699739 0.0950699225068
37.0  0.0795774683356 0.00397086702287 0.00976593885571 0.0904229432344
38.0  0.0795774683356 0.00377189740539 0.00971108302474 0.0861374884844
39.0  0.0795774683356 0.00358804804273 0.00966532807797 0.0821756497025
40.0  0.0795774683356 0.0034178274218 0.00962795969099 0.0785043537617
41.0  0.0795774683356 0.00325992237777 0.00959835387766 0.0750945806503
42.0  0.0795774683356 0.00311317481101 0.00957596581429 0.0719209015369
43.0  0.0795774683356 0.00297656073235 0.00956031866372 0.0689608976245
44.0  0.0795774683356 0.00284916930832 0.00955099333078 0.066194742918
45.0  0.0795774683356 0.00273019098677 0.0095476238057 0.0636049211025
46.0  0.0795774683356 0.00261890329421 0.0095498887822 0.0611758567393
47.0  0.0795774683356 0.00251465803012 0.00955750700086 0.0588936917484
48.0  0.0795774683356 0.00241687591188 0.00957023072988 0.0567460879683
49.0  0.0795774683356 0.002325035166 0.00958784576505 0.0547220110893
50.0  0.0795774683356 0.00223866617307 0.00961016304791 0.0528115667403
51.0  0.0795774683356 0.00215734378435 0.00963701866567 0.0510058961809
52.0  0.0795774683356 0.00208068476059 0.00966827291995 0.0492970384657
53.0  0.0795774683356 0.00200834032148 0.00970380567014 0.0476778075099
54.0  0.0795774683356 0.00193999451585 0.00974351167679 0.0461417324841
55.0  0.0795774683356 0.00187535991427 0.00978730712086 0.0446829758584
56.0  0.0795774683356 0.00181417388376 0.00983511842787 0.0432962402701
57.0  0.0795774683356 0.00175619730726 0.0098868906498 0.0419767387211
58.0  0.0795774683356 0.0017012108583 0.00994257908314 0.0407201163471
59.0  0.0795774683356 0.0016490140697 0.010002149269 0.0395224243402
60.0  0.0795774683356 0.00159942300525 0.0100655825809 0.0383800566196
61.0  0.0795774683356 0.00155226874631 0.0101328659803 0.0372897461057
62.0  0.0795774683356 0.0015073956456 0.0102039994672 0.0362484976649
63.0  0.0795774683356 0.00146466039587 0.0102789914235 0.035253573209
64.0  0.0795774683356 0.00142393051647 0.0103578595445 0.0343024767935
65.0  0.0795774683356 0.00138508423697 0.0104406280443 0.0333929173648
66.0  0.0795774683356 0.00134800875094 0.010527334176 0.0325227938592
67.0  0.0795774683356 0.00131259951741 0.0106180179864 0.0316901803017
68.0  0.0795774683356 0.00127875956241 0.0107127316296 0.0308933053166
69.0  0.0795774683356 0.00124639889691 0.0108115309849 0.0301305279136
70.0  0.0795774683356 0.0012154339347 0.0109144849703 0.0294003486633
71.0  0.0795774683356 0.00118578691036 0.0110216643661 0.0287013761699
72.0  0.0795774683356 0.00115738576278 0.0111331529915 0.0280323289335
73.0  0.0795774683356 0.00113016285468 0.0112490393221 0.0273920167238
74.0  0.0795774683356 0.00110405567102 0.0113694164902 0.0267793424428
75.0  0.0795774683356 0.00107900495641 0.0114943934605 0.0261932741851
76.0  0.0795774683356 0.00105495599564 0.0116240819916 0.0256328638643
77.0  0.0795774683356 0.00103185768239 0.0117586031556 0.0250972229987
78.0  0.0795774683356 0.00100966182072 0.011898085475 0.0245855282992
79.0  0.0795774683356 0.000988323474303 0.0120426667854 0.0240970049053
80.0  0.0795774683356 0.000967800267972 0.0121924970299 0.0236309226602
81.0  0.0795774683356 0.000948052620515 0.0123477298766 0.0231866072863
82.0  0.0795774683356 0.000929043279029 0.0125085301697 0.0227634124458
83.0  0.0795774683356 0.000910737318918 0.0126750767231 0.0223607402295
84.0  0.0795774683356 0.000893101794645 0.0128475548699 0.0219780169427
85.0  0.0795774683356 0.000876105797943 0.013026160188 0.0216147042811
86.0  0.0795774683356 0.00085971999215 0.0132111022249 0.0212702825665
87.0  0.0795774683356 0.00084391690325 0.0134026026353 0.020944269374
88.0  0.0795774683356 0.000828670687042 0.0136008923873 0.0206361934543
89.0  0.0795774683356 0.000813956721686 0.0138062192127 0.0203456096351
90.0  0.0795774683356 0.000799751898739 0.0140188410878 0.0200720895082
91.0  0.0795774683356 0.000786034564953 0.0142390308902 0.0198152195662
92.0  0.0795774683356 0.000772783590946 0.014467081055 0.0195745993406
93.0  0.0795774683356 0.000759979709983 0.0147032979876 0.0193498451263
94.0  0.0795774683356 0.000747604295611 0.0149480029941 0.0191405788064
95.0  0.0795774683356 0.000735639943741 0.0152015369385 0.0189464408904
96.0  0.0795774683356 0.000724069832359 0.0154642593116 0.0187670718879
97.0  0.0795774683356 0.00071287836181 0.0157365482301 0.0186021272093
98.0  0.0795774683356 0.000702050398104 0.016018813476 0.0184512622654
99.0  0.0795774683356 0.000691571796779 0.0163114722818 0.0183141436428
100.0  0.0795774683356 0.000681429053657 0.0166149772704 0.0181904416531
101.0  0.0795774683356 0.000671609363053 0.0169298015535 0.0180798284709
102.0  0.0795774683356 0.000662100443151 0.0172564461827 0.0179819855839
103.0  0.0795774683356 0.000652890943456 0.017595442012 0.017896592617
104.0  0.0795774683356 0.000643969571684 0.0179473571479 0.017823331058
105.0  0.0795774683356 0.000635325850453 0.0183127820492 0.0177618861198
106.0  0.0795774683356 0.000626949884463 0.0186923481524 0.0177119486034
107.0  0.0795774683356 0.000618832069449 0.0190867260098 0.017673201859
108.0  0.0795774683356 0.000610963383224 0.0194966234267 0.0176453385502
109.0  0.0795774683356 0.000603335211053 0.0199227910489 0.0176280457526
110.0  0.0795774683356 0.00059593905462 0.0203660279512 0.0176210124046
111.0  0.0795774683356 0.000588767288718 0.0208271834999 0.0176239293069
112.0  0.0795774683356 0.000581812288146 0.0213071573526 0.0176364853978
113.0  0.0795774683356 0.000575066776946 0.0218069013208 0.017658367753
114.0  0.0795774683356 0.000568524061237 0.0223274379969 0.0176892671734
115.0  0.0795774683356 0.000562177447136 0.0228698458523 0.0177288707346
116.0  0.0795774683356 0.000556020822842 0.023435274139 0.0177768636495
117.0  0.0795774683356 0.000550047960132 0.024024957791 0.0178329367191
118.0  0.0795774683356 0.000544253387488 0.0246401913464 0.0178967695683
119.0  0.0795774683356 0.000538631458767 0.0252823717892 0.0179680511355
120.0  0.0795774683356 0.000533176935278 0.0259529929608 0.0180464666337
121.0  0.0795774683356 0.000527884869371 0.0266536213458 0.0181316956878
122.0  0.0795774683356 0.000522750371601 0.0273859668523 0.0182234253734
123.0  0.0795774683356 0.000517769018188 0.0281518157572 0.0183213353157
124.0  0.0795774683356 0.000512936210725 0.0289531089365 0.0184251088649
125.0  0.0795774683356 0.000508247758262 0.0297919176519 0.0185344275087
126.0  0.0795774683356 0.000503699644469 0.0306704323739 0.0186489745975
127.0  0.0795774683356 0.00049928802764 0.0315910279751 0.0187684316188
128.0  0.0795774683356 0.000495009240694 0.0325562059879 0.0188924763352
129.0  0.0795774683356 0.000490859616548 0.0335686989129 0.0190207939595
130.0  0.0795774683356 0.000486835779157 0.0346314013004 0.0191530697048
131.0  0.0795774683356 0.000482934468891 0.0357473902404 0.019288983196
132.0  0.0795774683356 0.000479152513435 0.0369200371206 0.0194282215089
133.0  0.0795774683356 0.000475487002404 0.0381528511643 0.0195704679936
134.0  0.0795774683356 0.000471934938105 0.0394497103989 0.0197154115885
135.0  0.0795774683356 0.000468493642984 0.0408146567643 0.019862735644
136.0  0.0795774683356 0.000465160468593 0.04225211218 0.0200121346861
137.0  0.0795774683356 0.000461932766484 0.0437667965889 0.0201633032411
138.0  0.0795774683356 0.00045880820835 0.0453636981547 0.0203159283847
139.0  0.0795774683356 0.000455784436781 0.0470482707024 0.0204697120935
140.0  0.0795774683356 0.000452859181678 0.0488262400031 0.0206243507564
141.0  0.0795774683356 0.000450030376669 0.0507037937641 0.0207795482129
142.0  0.0795774683356 0.000447295838967 0.0526875779033 0.0209350120276
143.0  0.0795774683356 0.000444653705927 0.0547845512629 0.0210904479027
144.0  0.0795774683356 0.000442101998487 0.0570022724569 0.0212455708534
145.0  0.0795774683356 0.000439638999524 0.0593486428261 0.0214000958949
146.0  0.0795774683356 0.000437262904597 0.0618321709335 0.0215537473559
147.0  0.0795774683356 0.000434972112998 0.0644616931677 0.0217062477022
148.0  0.0795774683356 0.000432764994912 0.0672466382384 0.0218573268503
149.0  0.0795774683356 0.000430640036939 0.0701968744397 0.0220067221671
150.0  0.0795774683356 0.000428595812991 0.0733225643635 0.0221541710198
151.0  0.0795774683356 0.000426630955189 0.0766343399882 0.0222994238138
152.0  0.0795774683356 0.000424744095653 0.0801429823041 0.0224422272295
153.0  0.0795774683356 0.000422934012022 0.0838595032692 0.0225823409855
154.0  0.0795774683356 0.000421199481934 0.0877948850393 0.0227195303887
155.0  0.0795774683356 0.000419539399445 0.0919597148895 0.0228535626084
156.0  0.0795774683356 0.000417952571297 0.0963642597198 0.0229842178524
157.0  0.0795774683356 0.000416438066168 0.10101763159 0.0231112744659
158.0  0.0795774683356 0.000414994865423 0.10592789948 0.0232345294207
159.0  0.0795774683356 0.00041362203774 0.111101068556 0.0233537759632
160.0  0.0795774683356 0.000412318710005 0.116540536284 0.0234688203782
161.0  0.0795774683356 0.000411084009102 0.12224663794 0.0235794801265
162.0  0.0795774683356 0.000409917236539 0.128214910626 0.0236855689436
163.0  0.0795774683356 0.000408817548305 0.134436160326 0.0237869210541
164.0  0.0795774683356 0.000407784304116 0.140894070268 0.0238833706826
165.0  0.0795774683356 0.000406816892792 0.147564977407 0.0239747650921
166.0  0.0795774683356 0.00040591461584 0.154415845871 0.0240609589964
167.0  0.0795774683356 0.000405077007599 0.161403268576 0.0241418126971
168.0  0.0795774683356 0.000404303456889 0.168472290039 0.0242172013968
169.0  0.0795774683356 0.000403593556257 0.175555452704 0.0242870040238
170.0  0.0795774683356 0.00040294684004 0.182572335005 0.0243511069566
171.0  0.0795774683356 0.000402362871682 0.189430549741 0.0244094152004
172.0  0.0795774683356 0.000401841389248 0.196025371552 0.0244618318975
173.0  0.0795774683356 0.000401381956181 0.202243700624 0.0245082788169
174.0  0.0795774683356 0.000400984368753 0.207965388894 0.0245486795902
175.0  0.0795774683356 0.000400648335926 0.213069424033 0.0245829727501
176.0  0.0795774683356 0.000400373712182 0.217438071966 0.0246111061424
177.0  0.0795774683356 0.000400160293793 0.220963403583 0.0246330313385
178.0  0.0795774683356 0.000400007906137 0.223553046584 0.0246487166733
179.0  0.0795774683356 0.000399916520109 0.225136592984 0.0246581379324
180.0  0.0795774683356 0.000399886077503 0.225669443607 0.0246612802148
